{
 "cells": [
  {
   "cell_type": "code",
   "execution_count": 1,
   "metadata": {},
   "outputs": [],
   "source": [
    "import numpy as np\n",
    "import matplotlib.pyplot as plt"
   ]
  },
  {
   "cell_type": "code",
   "execution_count": 2,
   "metadata": {},
   "outputs": [],
   "source": [
    "def dual(Q, v, p):\n",
    "    return v.T @ Q @ v + p.T @ v\n",
    "\n",
    "def objective(Q, v, p, A, b, t):\n",
    "    if np.any(b - A @ v <= 0):\n",
    "        return float(\"NaN\")\n",
    "    return t*(v.T @ Q @ v + p.T @ v) - np.sum(np.log(b - A @ v))\n",
    "\n",
    "def barrier_gradient(A, v, b):\n",
    "    return A.T @ (1. /(b - A @ v))\n",
    "\n",
    "def barrier_hessian(A, v, b):\n",
    "    return A.T @ np.diag(1/(b - A @ v)**2) @ A\n",
    "\n",
    "def gradient(Q, v, p, A, b, t):\n",
    "    return t*(2 * Q @ v + p) + barrier_gradient(A, v, b)\n",
    "\n",
    "def hessian(Q, v, p, A, b, t):\n",
    "    return 2*t*Q + barrier_hessian(A, v, b)"
   ]
  },
  {
   "cell_type": "code",
   "execution_count": 9,
   "metadata": {},
   "outputs": [],
   "source": [
    "def line_search(f, grad_f, v, dv, b, A, alpha=.5, beta=.9):\n",
    "    step = 1\n",
    "\n",
    "    while f(v + step * dv) > f(v) + alpha * step * grad_f(v).T @ dv and step > 1e-6:\n",
    "        step *= beta\n",
    "        \n",
    "        if np.any(b - A @ (v + step * dv) <= 0):\n",
    "            return step\n",
    "\n",
    "    return step\n",
    "\n",
    "def centering_step(Q, p, A, b, t, v0, eps, max_iter=500, alpha=.5, beta=.9):\n",
    "    v_seq = [v0]\n",
    "    v = v0\n",
    "    i = 0\n",
    "\n",
    "    while i < max_iter:\n",
    "        try:\n",
    "            dv = np.linalg.inv(hessian(Q, v, p, A, b, t)) @ gradient(Q, v, p, A, b, t)\n",
    "        except np.linalg.LinAlgError:\n",
    "            print(\"Hessian is not invertible\")\n",
    "            print(hessian(Q, v0, p, A, b, t))\n",
    "            return None\n",
    "        \n",
    "        step = line_search(lambda v: objective(Q, v, p, A, b, t), lambda v: gradient(Q, v, p, A, b, t), v, dv, b, A, alpha, beta)\n",
    "        v = v - step * dv\n",
    "        v_seq.append(v)\n",
    "        lambda_squared = gradient(Q, v, p, A, b, t).T @ dv\n",
    "        if lambda_squared / 2 < eps:\n",
    "            break\n",
    "        i += 1\n",
    "\n",
    "    return v_seq"
   ]
  },
  {
   "cell_type": "code",
   "execution_count": 10,
   "metadata": {},
   "outputs": [],
   "source": [
    "def barr_method(Q, p, A, b, v0, eps, mu, alpha=.5, beta=.9, max_iter=500):\n",
    "    m = A.shape[0]\n",
    "    t = 1\n",
    "    v_seq = [v0]\n",
    "    v = v0\n",
    "    f_obj = objective(Q, v, p, A, b, t)\n",
    "    f_seq = [f_obj]\n",
    "    i = 0\n",
    "    while m/t >= eps:\n",
    "        v_step = centering_step(Q, p, A, b, t, v, eps, max_iter=max_iter, alpha=alpha, beta=beta)\n",
    "        v = v_step[-1]\n",
    "        t = mu*t\n",
    "        v_seq.append(v)\n",
    "        f_obj = dual(Q, v, p)\n",
    "        f_seq.append(f_obj)\n",
    "        i += 1\n",
    "        \n",
    "    return v_seq, f_seq\n",
    "\n",
    "def generate_parameters(n, d, reg=10):\n",
    "    \n",
    "    X = 3 * np.random.randn(n, d)\n",
    "    y = 5 + 1.5* np.random.randn(n)\n",
    "\n",
    "    Q = np.eye(n) / 2\n",
    "    p = -y\n",
    "\n",
    "    A = np.concatenate((X.T, - X.T), axis=0)\n",
    "    b = reg * np.ones(2 * d)\n",
    "\n",
    "    v0 = np.linalg.solve(A.T @ A, A.T @ b)\n",
    "\n",
    "    return X, y, Q, p, A, b, v0\n",
    "\n",
    "def generate_parameters_v0(n, d, reg=10):\n",
    "    \"\"\"See question 3.\"\"\"\n",
    "    \n",
    "    X = 3 * np.random.randn(n, d)\n",
    "    y = 5 + 1.5 * np.random.randn(n)\n",
    "\n",
    "    Q = np.eye(n) / 2\n",
    "    p = - y\n",
    "\n",
    "    A = np.concatenate((X.T, - X.T), axis=0)\n",
    "    b = reg * np.ones(2 * d)\n",
    "\n",
    "    v0 = np.zeros(n)\n",
    "\n",
    "    return X, y, Q, p, A, b, v0"
   ]
  },
  {
   "cell_type": "markdown",
   "metadata": {},
   "source": [
    "Test of the method implemented "
   ]
  },
  {
   "cell_type": "code",
   "execution_count": 11,
   "metadata": {},
   "outputs": [
    {
     "name": "stdout",
     "output_type": "stream",
     "text": [
      "Hessian is not invertible\n",
      "[[ 1.28141408e+25  5.17135259e+24 -1.67373365e+25 -2.03414627e+25\n",
      "   1.15635898e+25 -7.66703153e+24 -2.56068099e+24  2.13152269e+25\n",
      "  -9.64648473e+24  9.48732318e+23]\n",
      " [ 5.17135259e+24  7.47379889e+24 -1.44313006e+25 -5.56326828e+24\n",
      "   9.57990293e+24 -1.13782804e+25 -1.05203646e+25  2.54407546e+24\n",
      "   1.01122716e+25  8.26947850e+24]\n",
      " [-1.67373365e+25 -1.44313006e+25  3.28015954e+25  2.27986603e+25\n",
      "  -2.21056932e+25  2.18199777e+25  1.68644022e+25 -1.92079148e+25\n",
      "  -7.35884848e+24 -1.24782879e+25]\n",
      " [-2.03414627e+25 -5.56326828e+24  2.27986603e+25  3.35900789e+25\n",
      "  -1.59430656e+25  8.10188751e+24 -5.94850197e+23 -3.68118193e+25\n",
      "   2.21920539e+25  2.36764269e+24]\n",
      " [ 1.15635898e+25  9.57990293e+24 -2.21056932e+25 -1.59430656e+25\n",
      "   1.49163618e+25 -1.44746157e+25 -1.09636875e+25  1.37096113e+25\n",
      "   4.06891199e+24  8.04938975e+24]\n",
      " [-7.66703153e+24 -1.13782804e+25  2.18199777e+25  8.10188751e+24\n",
      "  -1.44746157e+25  1.73271438e+25  1.61216633e+25 -3.43710166e+24\n",
      "  -1.57662852e+25 -1.26960784e+25]\n",
      " [-2.56068099e+24 -1.05203646e+25  1.68644022e+25 -5.94850197e+23\n",
      "  -1.09636875e+25  1.61216633e+25  1.72196132e+25  6.40958587e+24\n",
      "  -2.27376124e+25 -1.40790317e+25]\n",
      " [ 2.13152269e+25  2.54407546e+24 -1.92079148e+25 -3.68118193e+25\n",
      "   1.37096113e+25 -3.43710166e+24  6.40958587e+24  4.22689288e+25\n",
      "  -3.17964589e+25 -7.29115762e+24]\n",
      " [-9.64648473e+24  1.01122716e+25 -7.35884848e+24  2.21920539e+25\n",
      "   4.06891199e+24 -1.57662852e+25 -2.27376124e+25 -3.17964589e+25\n",
      "   4.36743763e+25  1.97902914e+25]\n",
      " [ 9.48732318e+23  8.26947850e+24 -1.24782879e+25  2.36764269e+24\n",
      "   8.04938975e+24 -1.26960784e+25 -1.40790317e+25 -7.29115762e+24\n",
      "   1.97902914e+25  1.16166718e+25]]\n"
     ]
    },
    {
     "ename": "TypeError",
     "evalue": "'NoneType' object is not subscriptable",
     "output_type": "error",
     "traceback": [
      "\u001b[1;31m---------------------------------------------------------------------------\u001b[0m",
      "\u001b[1;31mTypeError\u001b[0m                                 Traceback (most recent call last)",
      "Cell \u001b[1;32mIn[11], line 14\u001b[0m\n\u001b[0;32m     12\u001b[0m result \u001b[38;5;241m=\u001b[39m []\n\u001b[0;32m     13\u001b[0m \u001b[38;5;28;01mfor\u001b[39;00m mu \u001b[38;5;129;01min\u001b[39;00m mu_list:\n\u001b[1;32m---> 14\u001b[0m     v_seq, f_seq \u001b[38;5;241m=\u001b[39m \u001b[43mbarr_method\u001b[49m\u001b[43m(\u001b[49m\u001b[43mQ\u001b[49m\u001b[43m,\u001b[49m\u001b[43m \u001b[49m\u001b[43my\u001b[49m\u001b[43m,\u001b[49m\u001b[43m \u001b[49m\u001b[43mA\u001b[49m\u001b[43m,\u001b[49m\u001b[43m \u001b[49m\u001b[43mb\u001b[49m\u001b[43m,\u001b[49m\u001b[43m \u001b[49m\u001b[43mv0\u001b[49m\u001b[43m,\u001b[49m\u001b[43m \u001b[49m\u001b[43mepsilon\u001b[49m\u001b[43m,\u001b[49m\u001b[43m \u001b[49m\u001b[43mmu\u001b[49m\u001b[43m,\u001b[49m\u001b[43m \u001b[49m\u001b[43malpha\u001b[49m\u001b[43m,\u001b[49m\u001b[43m \u001b[49m\u001b[43mbeta\u001b[49m\u001b[43m)\u001b[49m\n\u001b[0;32m     15\u001b[0m     \u001b[38;5;28mprint\u001b[39m(f_seq)\n\u001b[0;32m     16\u001b[0m     result\u001b[38;5;241m.\u001b[39mappend([v_seq, f_seq])\n",
      "Cell \u001b[1;32mIn[10], line 11\u001b[0m, in \u001b[0;36mbarr_method\u001b[1;34m(Q, p, A, b, v0, eps, mu, alpha, beta, max_iter)\u001b[0m\n\u001b[0;32m      9\u001b[0m \u001b[38;5;28;01mwhile\u001b[39;00m m\u001b[38;5;241m/\u001b[39mt \u001b[38;5;241m>\u001b[39m\u001b[38;5;241m=\u001b[39m eps:\n\u001b[0;32m     10\u001b[0m     v_step \u001b[38;5;241m=\u001b[39m centering_step(Q, p, A, b, t, v, eps, max_iter\u001b[38;5;241m=\u001b[39mmax_iter, alpha\u001b[38;5;241m=\u001b[39malpha, beta\u001b[38;5;241m=\u001b[39mbeta)\n\u001b[1;32m---> 11\u001b[0m     v \u001b[38;5;241m=\u001b[39m \u001b[43mv_step\u001b[49m\u001b[43m[\u001b[49m\u001b[38;5;241;43m-\u001b[39;49m\u001b[38;5;241;43m1\u001b[39;49m\u001b[43m]\u001b[49m\n\u001b[0;32m     12\u001b[0m     t \u001b[38;5;241m=\u001b[39m mu\u001b[38;5;241m*\u001b[39mt\n\u001b[0;32m     13\u001b[0m     v_seq\u001b[38;5;241m.\u001b[39mappend(v)\n",
      "\u001b[1;31mTypeError\u001b[0m: 'NoneType' object is not subscriptable"
     ]
    }
   ],
   "source": [
    "n = 10\n",
    "d = 5\n",
    "reg = 10\n",
    "X, y, Q, p, A, b, v0 = generate_parameters_v0(n, d, reg)\n",
    "\n",
    "epsilon = 1e-9\n",
    "alpha = 0.5\n",
    "beta = 0.9\n",
    "max_iter = 500\n",
    "\n",
    "mu_list = [2, 15, 50, 100]\n",
    "result = []\n",
    "for mu in mu_list:\n",
    "    v_seq, f_seq = barr_method(Q, y, A, b, v0, epsilon, mu, alpha, beta)\n",
    "    print(f_seq)\n",
    "    result.append([v_seq, f_seq])\n",
    "f_opt = np.infty\n",
    "for i in range(len(result)):\n",
    "    f_opt = min(f_opt, result[i][1][-1])\n",
    "\n",
    "\n",
    "for i, res in enumerate(result):\n",
    "    plt.semilogy(res[1]-f_opt, label=f\"mu={mu_list[i]}\")\n",
    "plt.xlabel(\"Number of iterations\")\n",
    "plt.ylabel(\"f(v) - f(v*)\")\n",
    "plt.legend()\n",
    "plt.show()"
   ]
  },
  {
   "cell_type": "code",
   "execution_count": null,
   "metadata": {},
   "outputs": [],
   "source": []
  },
  {
   "cell_type": "code",
   "execution_count": null,
   "metadata": {},
   "outputs": [],
   "source": []
  }
 ],
 "metadata": {
  "kernelspec": {
   "display_name": "Python 3",
   "language": "python",
   "name": "python3"
  },
  "language_info": {
   "codemirror_mode": {
    "name": "ipython",
    "version": 3
   },
   "file_extension": ".py",
   "mimetype": "text/x-python",
   "name": "python",
   "nbconvert_exporter": "python",
   "pygments_lexer": "ipython3",
   "version": "3.11.9"
  }
 },
 "nbformat": 4,
 "nbformat_minor": 2
}
